//section 20,12-bit
16391 6     6     5     4     4     3     2     1     0     32768 32768 
//section 20,13-bit
16392 7     6     5     5     4     4     3     2     1     0     32768 32768 
//section 20,14-bit
16393 8     7     6     5     4     4     4     3     2     1     0     32768 32768 
//section 20,15-bit
16394 9     8     7     6     5     5     4     3     3     2     1     0     32768 32768 
//section 20,16-bit
16395 10    9     8     7     6     5     4     4     3     3     2     1     0     32768 32768 
//section 24,12-bit
16391 6     6     6     5     4     3     2     1     0     0     32768 
//section 24,13-bit
16392 7     7     7     6     5     4     3     2     1     0     32768 32768 
//section 24,14-bit
16393 8     8     7     6     6     5     4     3     2     1     0     32768 32768 
//section 24,15-bit
16394 9     9     8     7     6     5     5     4     3     2     1     0     32768 32768 
//section 24,16-bit
16395 10    10    9     8     7     6     5     4     4     3     2     1     0     32768 32768 
//section 28,12-bit
16390 5     5     5     4     3     2     1     0     32768 32768 32768 
//section 28,13-bit
16391 6     6     5     4     4     3     2     1     0     32768 32768 32768 
//section 28,14-bit
16392 7     7     6     5     4     3     3     2     1     0     32768 32768 32768 
//section 28,15-bit
16393 8     8     7     6     5     4     3     2     2     1     0     32768 32768 32768 
//section 28,16-bit
16394 9     8     7     7     6     5     4     3     2     2     1     0     32768 32768 32768 
//section 36,12-bit
16390 5     5     5     4     4     3     2     0     0     32768 32768 
//section 36,13-bit
16391 6     6     6     5     4     3     3     2     0     0     32768 32768 
//section 36,14-bit
16392 7     7     7     6     5     4     3     2     2     0     0     32768 32768 
//section 36,15-bit
16393 8     8     8     7     6     5     4     3     2     1     0     0     32768 32768 
//section 36,16-bit
16394 9     9     8     7     7     6     5     4     3     2     1     0     0     32768 32768 
//section 40,12-bit
16390 5     5     5     5     4     3     2     1     0     32768 32768 
//section 40,13-bit
16391 6     6     6     5     4     4     3     2     1     0     32768 32768 
//section 40,14-bit
16392 7     7     6     5     5     4     4     3     2     1     0     32768 32768 
//section 40,15-bit
16393 8     8     8     7     6     5     4     3     2     2     1     0     32768 32768 
//section 40,16-bit
16394 9     9     8     7     7     6     5     4     3     2     2     1     0     32768 32768 
//section 44,12-bit
16390 5     5     5     5     4     3     2     1     0     0     32768 
//section 44,13-bit
16391 6     6     6     6     5     4     3     2     1     0     32768 32768 
//section 44,14-bit
16392 7     7     7     6     6     5     4     3     1     1     0     32768 32768 
//section 44,15-bit
16393 8     8     8     7     6     5     5     4     3     1     1     0     32768 32768 
//section 44,16-bit
16394 9     9     8     7     7     6     5     5     4     3     1     1     0     32768 32768 
//section 32,12-bit 
16390 5     5     4     3     3     2     2     1     0     32768 32768 
//section 32,13-bit 
16391 6     5     4     4     3     3     2     2     1     0     32768 32768 
//section 32,14-bit 
16392 7     6     5     4     3     3     3     2     2     1     0     32768 32768 
//section 32,15-bit 
16393 8     7     6     5     4     4     3     2     2     2     1     0     32768 32768 
//section 32,16-bit 
16394 9     8     7     6     5     4     3     3     2     2     2     1     0     32768 32768 
//section 48,12-bit 
16390 5     5     5     5     4     3     2     1     1     0     32768 
//section 48,13-bit 
16391 6     6     6     6     5     4     3     2     1     0     0     32768 
//section 48,14-bit 
16392 7     7     7     7     6     5     4     3     2     1     0     32768 32768 
//section 48,15-bit 
16393 8     8     8     7     6     6     5     4     3     2     1     0     32768 32768 
//section 48,16-bit 
16394 9     9     9     8     7     6     5     5     4     3     2     1     0     32768 32768 
//section 64,12-bit 
16389 4     4     4     4     3     2     2     1     0     32768 32768 
//section 64,13-bit 
16390 5     5     5     4     3     3     2     2     1     0     32768 32768 
//section 64,14-bit 
16391 6     6     6     5     4     3     2     2     2     1     0     32768 32768 
//section 64,15-bit 
16392 7     7     7     6     5     5     4     3     2     1     0     0     32768 32768 
//section 64,16-bit 
16393 8     8     8     7     6     5     4     4     3     2     1     0     0     32768 32768 
//section 80,12-bit 
16389 4     4     4     4     4     3     2     1     0     0     32768 
//section 80,13-bit 
16390 5     5     5     5     5     4     3     2     1     0     32768 32768 
//section 80,14-bit 
16391 6     6     6     6     5     4     4     3     2     1     0     32768 32768 
//section 80,15-bit 
16392 7     7     7     6     5     5     4     4     3     2     1     0     32768 32768 
//section 80,16-bit 
16393 8     8     8     7     6     5     4     4     4     3     2     1     0     32768 32768 
//section 128,12-bit 
16388 3     3     3     3     3     3     2     1     0     32768 32768 
//section 128,13-bit 
16389 4     4     4     4     4     3     2     2     1     0     32768 32768 
//section 128,14-bit 
16390 5     5     5     5     4     3     3     2     2     1     0     32768 32768 
//section 128,15-bit 
16391 6     6     6     5     4     4     3     3     2     2     1     0     32768 32768 
//section 128,16-bit 
16392 7     7     7     6     5     5     4     3     2     2     2     1     0     32768 32768 
//section 160,12-bit 
16388 16388 16388 16388 16388 16388 3     2     1     0     0     32768 
//section 160,13-bit 
16389 16389 16389 16389 16389 16389 4     3     2     1     0     32768 32768 
//section 160,14-bit 
16390 16390 16390 16390 16390 5     4     4     3     2     1     0     32768 32768 
//section 160,15-bit 
16391 16391 16391 16391 6     5     5     4     4     3     2     1     0     32768 32768 
//section 160,16-bit 
16392 16392 16392 16392 7     6     5     4     4     4     3     2     1     0     32768 32768 
