//section 20,12-bit
16385 2    2    4    8    8    16   32   64   128  256  256  
//section 20,13-bit
16385 2    4    8    8    16   16   32   64   128  256  512  512  
//section 20,14-bit
16385 2    4    8    16   32   32   32   64   128  256  512  1024 1024 
//section 20,15-bit
16385 2    4    8    16   32   32   64   128  128  256  512  1024 2048 2048 
//section 20,16-bit
16385 2    4    8    16   32   64   128  128  256  256  512  1024 2048 4096 4096 
//section 24,12-bit
16385 2    2    2    4    8    16   32   64   128  128  256  
//section 24,13-bit
16385 2    2    2    4    8    16   32   64   128  256  512  512  
//section 24,14-bit
16385 2    2    4    8    8    16   32   64   128  256  512  1024 1024 
//section 24,15-bit
16385 2    2    4    8    16   32   32   64   128  256  512  1024 2048 2048 
//section 24,16-bit
16385 2    2    4    8    16   32   64   128  128  256  512  1024 2048 4096 4096 
//section 28,12-bit
16385 2    2    2    4    8    16   32   64   128  128  128  
//section 28,13-bit
16385 2    2    4    8    8    16   32   64   128  256  256  256  
//section 28,14-bit
16385 2    2    4    8    16   32   32   64   128  256  512  512  512  
//section 28,15-bit
16385 2    2    4    8    16   32   64   128  128  256  512  1024 1024 1024 
//section 28,16-bit
16385 2    4    8    8    16   32   64   128  256  256  512  1024 2048 2048 2048 
//section 36,12-bit
16385 2    2    2    4    4    8    16   64   64   128  128  
//section 36,13-bit
16385 2    2    2    4    8    16   16   32   128  128  256  256  
//section 36,14-bit
16385 2    2    2    4    8    16   32   64   64   256  256  512  512  
//section 36,15-bit
16385 2    2    2    4    8    16   32   64   128  256  512  512  1024 1024 
//section 36,16-bit
16385 2    2    4    8    8    16   32   64   128  256  512  1024 1024 2048 2048 
//section 40,12-bit
16385 2    2    2    2    4    8    16   32   64   128  128  
//section 40,13-bit
16385 2    2    2    4    8    8    16   32   64   128  256  256  
//section 40,14-bit
16385 2    2    4    8    8    16   16   32   64   128  256  512  512  
//section 40,15-bit
16385 2    2    2    4    8    16   32   64   128  128  256  512  1024 1024 
//section 40,16-bit
16385 2    2    4    8    8    16   32   64   128  256  256  512  1024 2048 2048 
//section 44,12-bit
16385 2    2    2    2    4    8    16   32   64   64   128  
//section 44,13-bit
16385 2    2    2    2    4    8    16   32   64   128  256  256  
//section 44,14-bit
16385 2    2    2    4    4    8    16   32   128  128  256  512  512  
//section 44,15-bit
16385 2    2    2    4    8    16   16   32   64   256  256  512  1024 1024 
//section 44,16-bit
16385 2    2    4    8    8    16   32   32   64   128  512  512  1024 2048 2048 
//section 32,12-bit 
16385 2    2    4    8    8    16   16   32   64   128  128  
//section 32,13-bit 
16385 2    4    8    8    16   16   32   32   64   128  256  256  
//section 32,14-bit 
16385 2    4    8    16   32   32   32   64   64   128  256  512  512  
//section 32,15-bit 
16385 2    4    8    16   32   32   64   128  128  128  256  512  1024 1024 
//section 32,16-bit 
16385 2    4    8    16   32   64   128  128  256  256  256  512  1024 2048 2048 
//section 48,12-bit 
16385 2    2    2    2    4    8    16   32   32   64   128  
//section 48,13-bit 
16385 2    2    2    2    4    8    16   32   64   128  128  256  
//section 48,14-bit 
16385 2    2    2    2    4    8    16   32   64   128  256  512  512  
//section 48,15-bit 
16385 2    2    2    4    8    8    16   32   64   128  256  512  1024 1024 
//section 48,16-bit 
16385 2    2    2    4    8    16   32   32   64   128  256  512  1024 2048 2048 
//section 64,12-bit 
16385 2    2    2    2    4    8    8    16   32   64   64   
//section 64,13-bit 
16385 2    2    2    4    8    8    16   16   32   64   128  128  
//section 64,14-bit 
16385 2    2    2    4    8    16   32   32   32   64   128  256  256  
//section 64,15-bit 
16385 2    2    2    4    8    8    16   32   64   128  256  256  512  512  
//section 64,16-bit 
16385 2    2    2    4    8    16   32   32   64   128  256  512  512  1024 1024 
//section 80,12-bit 
16385 2    2    2    2    2    4    8    16   32   32   64   
//section 80,13-bit 
16385 2    2    2    2    2    4    8    16   32   64   128  128  
//section 80,14-bit 
16385 2    2    2    2    4    8    8    16   32   64   128  256  256  
//section 80,15-bit 
16385 2    2    2    4    8    8    16   16   32   64   128  256  512  512  
//section 80,16-bit 
16385 2    2    2    4    8    16   32   32   32   64   128  256  512  1024 1024 
//section 128,12-bit 
16385 2    2    2    2    2    2    4    8    16   32   32   
//section 128,13-bit 
16385 2    2    2    2    2    4    8    8    16   32   64   64   
//section 128,14-bit 
16385 2    2    2    2    4    8    8    16   16   32   64   128  128  
//section 128,15-bit 
16385 2    2    2    4    8    8    16   16   32   32   64   128  256  256  
//section 128,16-bit 
16385 2    2    2    4    8    8    16   32   64   64   64   128  256  512  512  
//section 160,12-bit 
16385 16385 16385 16385 16385 16385 2    4    8    16   16   32   
//section 160,13-bit 
16385 16385 16385 16385 16385 16385 2    4    8    16   32   64   64   
//section 160,14-bit 
16385 16385 16385 16385 16385 2    4    4    8    16   32   64   128  128  
//section 160,15-bit 
16385 16385 16385 16385 2    4    4    8    8    16   32   64   128  256  256  
//section 160,16-bit 
16385 16385 16385 16385 2    4    8    16   16   16   32   64   128  256  512  512  
